
 The downwelling direct and diffuse fluxes have been computed using the delta-M scaling approximation.
 Wavenumbers:   820. - 50000. cm-1
 LEVEL PRESSURE   UPWARD FLUX   DIFDOWN FLUX  DIRDOWN FLUX  DOWNWARD FLUX   NET FLUX    HEATING RATE
          mb          W/m2          W/m2          W/m2          W/m2          W/m2       degree/day
  59    0.1000      255.4915        0.0000      360.8474      360.8474     105.355977       0.00000
  58    0.1400      255.4896        0.0048      360.7693      360.7741     105.284441      15.09261
  57    0.1970      255.4872        0.0115      360.6603      360.6718     105.184604      14.78122
  56    0.2760      255.4842        0.0207      360.4862      360.5069     105.022681      17.29731
  55    0.3870      255.4806        0.0333      360.2063      360.2397     104.759075      20.04144
  54    0.5430      255.4767        0.0507      359.7779      359.8286     104.351871      22.02843
  53    0.7620      255.4728        0.0746      359.1887      359.2633     103.790442      21.63450
  52     1.070      255.4704        0.1061      358.4845      358.5906     103.120173      18.36515
  51     1.500      255.4729        0.1498      357.6634      357.8132     102.340339      15.30488
  50     2.100      255.4832        0.2095      356.8153      357.0248     101.541577      11.23472
  49     2.950      255.5044        0.2924      355.9169      356.2093     100.704869       8.30713
  48     4.130      255.5384        0.4073      354.9483      355.3556      99.817213       6.34832
  47     5.800      255.5860        0.5664      353.8751      354.4415      98.855568       4.85953
  46     8.130      255.6479        0.7870      352.6443      353.4313      97.783333       3.88356
  45     11.41      255.7234        1.0923      351.2007      352.2930      96.569647       3.12269
  44     16.01      255.8123        1.5135      349.4690      350.9825      95.170139       2.56752
  43     22.46      255.9267        2.0922      347.3102      349.4024      93.475660       2.21704
  42     31.51      256.0805        2.8830      344.5629      347.4458      91.365361       1.96785
  41     44.20      256.2583        3.9612      341.1217      345.0830      88.824686       1.68960
  40     62.00      256.3964        5.4253      336.9399      342.3652      85.968802       1.35399
  39     85.77      256.2875        7.3196      332.4018      339.7214      83.433917       0.89996
  38     109.5      256.0121        9.1529      328.4806      337.6335      81.621410       0.64350
  37     133.3      255.6340       10.9175      324.9732      335.8907      80.256643       0.48433
  36     157.1      255.1807       12.6322      321.7494      334.3815      79.200800       0.37470
  35     180.9      254.6703       14.2943      318.7377      333.0320      78.361685       0.29791
  34     204.7      254.1463       15.8973      315.8228      331.7201      77.573895       0.27957
  33     228.4      253.6207       17.4543      312.9150      330.3693      76.748597       0.29301
  32     252.2      253.0965       18.9616      309.9928      328.9544      75.857927       0.31608
  31     276.0      252.5679       20.4252      307.1089      327.5341      74.966194       0.31659
  30     299.8      252.0356       21.8455      304.2843      326.1298      74.094200       0.30945
  29     323.5      251.4998       23.2199      301.5713      324.7912      73.291361       0.28503
  28     347.3      250.9601       24.5668      298.8448      323.4116      72.451524       0.29817
  27     371.1      250.4317       25.8682      295.8637      321.7319      71.300244       0.40857
  26     394.9      249.9147       27.1329      292.5493      319.6822      69.767466       0.54396
  25     418.6      249.4040       28.3716      289.2127      317.5844      68.180401       0.56346
  24     442.4      248.9089       29.5630      285.9766      315.5396      66.630760       0.55017
  23     466.2      248.4194       30.7372      282.7189      313.4562      65.036752       0.56569
  22     489.9      247.9474       31.8730      279.4555      311.3284      63.381023       0.58759
  21     513.7      247.4953       32.9691      276.1918      309.1609      61.665540       0.60905
  20     537.5      247.0537       34.0537      272.8489      306.9026      59.848903       0.64469
  19     561.3      246.6345       35.1032      269.5063      304.6095      57.975000       0.66529
  18     585.0      246.2408       36.1156      266.1800      302.2956      56.054752       0.68175
  17     608.8      245.8660       37.1134      262.8223      299.9358      54.069757       0.70444
  16     632.6      245.5125       38.0867      259.5402      297.6269      52.114443       0.69391
  15     656.4      245.1828       39.0324      256.3426      295.3750      50.192146       0.68248
  14     680.1      244.8794       39.9493      253.2293      293.1785      48.299159       0.67207
  13     703.9      244.5953       40.8529      250.1815      291.0344      46.439055       0.66012
  12     727.7      244.3328       41.7307      247.2620      288.9927      44.659836       0.63141
  11     751.5      244.0918       42.5871      244.4413      287.0284      42.936562       0.61182
  10     775.3      243.8741       43.4195      241.7194      285.1389      41.264767       0.59329
   9     799.0      243.6766       44.2393      239.0613      283.3006      39.623949       0.58254
   8     822.8      243.5006       45.0371      236.5031      281.5401      38.039511       0.56229
   7     846.6      243.3464       45.8159      234.0275      279.8434      36.496981       0.54765
   6     870.4      243.2153       46.5748      231.6310      278.2059      34.990543       0.53461
   5     894.1      243.1085       47.3138      229.3098      276.6236      33.515142       0.52381
   4     917.9      243.0156       48.0418      227.0677      275.1095      32.093875       0.50459
   3     941.7      242.9351       48.7535      224.9202      273.6737      30.738601       0.48096
   2     965.5      242.8660       49.4502      222.8583      272.3085      29.442451       0.45998
   1     989.2      242.8116       50.1310      220.8707      271.0018      28.190171       0.44441
   0    1013.0      242.7716       50.7992      218.9470      269.7462      26.974617       0.43156

  Modules and versions used in this calculation:

                rrtm.f:  $Revision$                           rrtatm.f:  NOT USED          
             setcoef.f:  $Revision$                        taumoldis.f:  $Revision$        
            util_xxx.f:  NOT USED                            cldprop.f:  NOT USED          
              rtrdis.f:  $Revision$                           disort.f:  $Revision$        
            RDI1MACH.f:  $Revision$                          ErrPack.f:  NOT USED          
              LINPAK.f:  $Revision$                            extra.f:  NOT USED          
             k_gb16.f:   $Revision$                          k_gb17.f:   $Revision$        
             k_gb18.f:   $Revision$                          k_gb19.f:   $Revision$        
             k_gb20.f:   $Revision$                          k_gb21.f:   $Revision$        
             k_gb22.f:   $Revision$                          k_gb23.f:   $Revision$        
             k_gb24.f:   $Revision$                          k_gb25.f:   $Revision$        
                                                             k_gb27.f:   $Revision$        
             k_gb28.f:   $Revision$                          k_gb29.f:   $Revision$        

