
 The downwelling direct and diffuse fluxes have been computed using the delta-M scaling approximation.
 Wavenumbers:   820. - 50000. cm-1
 LEVEL PRESSURE   UPWARD FLUX   DIFDOWN FLUX  DIRDOWN FLUX  DOWNWARD FLUX   NET FLUX    HEATING RATE
          mb          W/m2          W/m2          W/m2          W/m2          W/m2       degree/day
  51    .06700      120.7948        0.0000      578.2357      578.2357     457.440925       0.00000
  50    .07753      120.7941        0.0012      578.2140      578.2152     457.421119      15.87461
  49    .09103      120.7933        0.0026      578.1952      578.1978     457.404585      10.33422
  48    0.1069      120.7923        0.0043      578.1730      578.1773     457.385041      10.40313
  47    0.1255      120.7912        0.0063      578.1457      578.1520     457.360813      10.98413
  46    0.1487      120.7899        0.0087      578.1083      578.1171     457.327184      12.25781
  45    0.1794      120.7881        0.0121      578.0533      578.0653     457.277250      13.70806
  44    0.2165      120.7860        0.0160      577.9828      577.9988     457.212770      14.66800
  43    0.2613      120.7836        0.0206      577.8922      577.9128     457.129215      15.74965
  42    0.3336      120.7798        0.0282      577.7298      577.7580     456.978265      17.59920
  41    0.4307      120.7748        0.0381      577.5007      577.5388     456.763952      18.63397
  40    0.5894      120.7672        0.0540      577.1018      577.1559     456.388678      19.95648
  39     1.339      120.7384        0.1251      575.0822      575.2073     454.468825      21.61393
  38     1.782      120.7261        0.1647      574.0465      574.2112     453.485083      18.72877
  37     2.292      120.7157        0.2096      573.0352      573.2447     452.529009      15.83500
  36     2.964      120.7078        0.2676      571.9286      572.1962     451.488375      13.06303
  35     3.853      120.7052        0.3433      570.7055      571.0487     450.343500      10.86502
  34     5.035      120.7096        0.4427      569.3662      569.8089     449.099338       8.88773
  33     6.613      120.7200        0.5742      567.9147      568.4889     447.768977       7.11207
  32     8.786      120.7319        0.7500      566.3365      567.0865     446.354610       5.49286
  31     11.80      120.7377        0.9993      564.5127      565.5120     444.774335       4.42425
  30     15.07      120.7306        1.2646      562.8777      564.1423     443.411667       3.51812
  29     18.79      120.7108        1.5616      561.2644      562.8260     442.115171       2.93954
  28     23.16      120.6739        1.9054      559.5930      561.4983     440.824466       2.49579
  27     28.12      120.6153        2.2950      557.8840      560.1790     439.563769       2.14309
  26     33.73      120.5245        2.7279      556.1959      558.9238     438.399290       1.75082
  25     40.54      120.3848        3.2469      554.3873      557.6342     437.249481       1.42646
  24     48.69      120.1868        3.8667      552.4241      556.2909     436.104016       1.18537
  23     57.69      119.9402        4.5405      550.4649      555.0054     435.065171       0.97376
  22     68.43      119.6140        5.3340      548.3315      553.6655     434.051542       0.79684
  21     81.20      119.1787        6.2690      546.0392      552.3081     433.129432       0.60931
  20     96.49      118.6148        7.3674      543.5371      550.9045     432.289761       0.46344
  19     114.6      117.9237        8.6455      540.6938      549.3393     431.415609       0.40817
  18     136.5      117.0844       10.1226      537.4518      547.5744     430.490019       0.35591
  17     162.9      116.0652       11.8301      533.6904      545.5206     429.455369       0.33071
  16     196.4      114.7046       13.9695      528.8712      542.8407     428.136094       0.33208
  15     218.7      113.7955       15.3292      525.4343      540.7635     426.968020       0.44347
  14     243.0      112.7986       16.7671      521.2235      537.9905     425.191872       0.61602
  13     269.0      111.7096       18.2796      516.0169      534.2966     422.586949       0.84502
  12     297.5      110.5247       19.8626      509.7907      529.6533     419.128595       1.02570
  11     328.5      109.2386       21.5145      503.0524      524.5669     415.328306       1.03328
  10     361.9      107.8485       23.2273      495.8383      519.0656     411.217041       1.04019
   9     398.1      106.3481       24.9972      488.0187      513.0158     406.667713       1.05989
   8     437.6      104.7346       26.8157      479.4862      506.3019     401.567267       1.09050
   7     480.5      103.0042       28.6739      470.3527      499.0267     396.022428       1.08898
   6     533.0      100.8773       30.8367      459.1554      489.9921     389.114855       1.11120
   5     589.8       98.5977       33.0184      447.0144      480.0328     381.435157       1.13991
   4     651.6       96.1874       35.1929      433.4219      468.6148     372.427441       1.23182
   3     718.7       93.6712       37.3347      418.8382      456.1729     362.501704       1.24738
   2     792.3       91.1254       39.4059      403.0591      442.4650     351.339583       1.28016
   1     891.5       88.0970       41.8389      381.7459      423.5848     335.487828       1.34890
   0    1013.0       85.6264       44.2147      357.5723      401.7870     316.160637       1.34198

  Modules and versions used in this calculation:

                rrtm.f:  $Revision$                           rrtatm.f:  NOT USED          
             setcoef.f:  $Revision$                        taumoldis.f:  $Revision$        
            util_xxx.f:  NOT USED                            cldprop.f:  NOT USED          
              rtrdis.f:  $Revision$                           disort.f:  $Revision$        
            RDI1MACH.f:  $Revision$                          ErrPack.f:  NOT USED          
              LINPAK.f:  $Revision$                            extra.f:  NOT USED          
             k_gb16.f:   $Revision$                          k_gb17.f:   $Revision$        
             k_gb18.f:   $Revision$                          k_gb19.f:   $Revision$        
             k_gb20.f:   $Revision$                          k_gb21.f:   $Revision$        
             k_gb22.f:   $Revision$                          k_gb23.f:   $Revision$        
             k_gb24.f:   $Revision$                          k_gb25.f:   $Revision$        
                                                             k_gb27.f:   $Revision$        
             k_gb28.f:   $Revision$                          k_gb29.f:   $Revision$        

