
 The downwelling direct and diffuse fluxes have been computed using the delta-M scaling approximation.
 Wavenumbers:   820. - 50000. cm-1
 LEVEL PRESSURE   UPWARD FLUX   DIFDOWN FLUX  DIRDOWN FLUX  DOWNWARD FLUX   NET FLUX    HEATING RATE
          mb          W/m2          W/m2          W/m2          W/m2          W/m2       degree/day
  37    0.2720      137.6282        0.0000     1056.4395     1056.4395     918.811205       0.00000
  36    0.5150      137.6171        0.0264     1055.7466     1055.7730     918.155924      22.75712
  35    0.9510      137.6007        0.0718     1054.3160     1054.3878     916.787044      26.49567
  34     1.290      137.5909        0.1055     1053.0882     1053.1937     915.602786      29.48104
  33     1.760      137.5811        0.1505     1051.4038     1051.5543     913.973282      29.25862
  32     2.410      137.5746        0.2109     1049.3101     1049.5209     911.946335      26.31631
  31     3.330      137.5777        0.2942     1046.9398     1047.2341     909.656395      21.00548
  30     4.640      137.5979        0.4111     1044.4353     1044.8464     907.248555      15.51145
  29     6.520      137.6386        0.5767     1041.8087     1042.3854     904.746810      11.23004
  28     9.300      137.6949        0.8189     1039.0063     1039.8252     902.130244       7.94297
  27     13.20      137.7504        1.1551     1036.1146     1037.2697     899.519334       5.64967
  26     19.07      137.7953        1.6548     1032.7681     1034.4229     896.627635       4.15730
  25     27.70      137.8011        2.3786     1028.9132     1031.2918     893.490668       3.06758
  24     32.20      137.7749        2.7527     1027.2376     1029.9902     892.215359       2.39166
  23     37.60      137.7155        3.1995     1025.4561     1028.6556     890.940041       1.99306
  22     43.70      137.6236        3.7011     1023.6396     1027.3407     889.717153       1.69181
  21     51.00      137.4852        4.2974     1021.6659     1025.9633     888.478049       1.43246
  20     59.50      137.2938        4.9863     1019.5645     1024.5508     887.257028       1.21227
  19     69.50      137.0298        5.7904     1017.3118     1023.1022     886.072438       0.99969
  18     81.20      136.6667        6.7244     1014.9357     1021.6601     884.993364       0.77833
  17     95.00      136.1859        7.8156     1012.3646     1020.1802     883.994286       0.61096
  16     110.0      135.6366        8.9849     1009.6862     1018.6711     883.034487       0.53999
  15     130.0      134.8781       10.5145     1006.2311     1016.7455     881.867464       0.49243
  14     153.0      133.9788       12.2332     1002.3537     1014.5869     880.608031       0.46211
  13     179.0      132.9238       14.1295      998.0502     1012.1797     879.255887       0.43888
  12     209.0      131.6603       16.2594      992.8484     1009.1078     877.447548       0.50869
  11     243.0      130.1900       18.5969      985.9058     1004.5027     874.312757       0.77808
  10     281.0      128.5085       21.1163      976.3020      997.4183     868.909840       1.19989
   9     324.0      126.5692       23.8519      964.0502      987.9021     861.332913       1.48703
   8     372.0      124.3701       26.7654      950.2135      976.9789     852.608792       1.53383
   7     426.0      121.8626       29.8735      934.3627      964.2362     842.373603       1.59955
   6     487.0      118.9995       33.1770      916.1213      949.2983     830.298799       1.67050
   5     554.0      115.8336       36.5620      895.9660      932.5280     816.694473       1.71356
   4     628.0      112.3535       40.0112      872.6262      912.6374     800.283971       1.87148
   3     710.0      108.5900       43.4871      845.7886      889.2756     780.685665       2.01698
   2     802.0      104.6303       46.9614      815.5094      862.4708     757.840537       2.09557
   1     902.0      100.9515       50.2317      783.1829      833.4146     732.463053       2.14163
   0    1013.0       98.5418       53.2453      748.9472      802.1924     703.650624       2.19055

  Modules and versions used in this calculation:

                rrtm.f:  $Revision$                           rrtatm.f:  $Revision$        
             setcoef.f:  $Revision$                        taumoldis.f:  $Revision$        
      util_linux_pgi.f:  $Revision: 10481 $                  cldprop.f:  NOT USED          
              rtrdis.f:  $Revision$                           disort.f:  $Revision$        
            RDI1MACH.f:  $Revision$                          ErrPack.f:  NOT USED          
              LINPAK.f:  $Revision$                            extra.f:  NOT USED          
             k_gb16.f:   $Revision$                          k_gb17.f:   $Revision$        
             k_gb18.f:   $Revision$                          k_gb19.f:   $Revision$        
             k_gb20.f:   $Revision$                          k_gb21.f:   $Revision$        
             k_gb22.f:   $Revision$                          k_gb23.f:   $Revision$        
             k_gb24.f:   $Revision$                          k_gb25.f:   $Revision$        
                                                             k_gb27.f:   $Revision$        
             k_gb28.f:   $Revision$                          k_gb29.f:   $Revision$        

