

file auto-generated by parserrtm
$ lblrtm 1994/06/24 SPECTRE excercise Coffeyville, KS: case1                    
                                                 1                   0            0 3    0    0
   290.930 0  00.0000.0000.0000.0000.0000.0000.0000.0000.0000.0000.0000.0000.0000.0000.0000.000
    0        32         1    7    0    0     0.000                         0.000
     0.000    50.000
     0.000     0.060     0.200     0.500     0.750     1.000     1.500     2.000
     3.000     4.000     5.000     6.000     7.000     8.000     9.000    10.000
    11.000    12.000    13.000    14.000    15.000    16.000    17.000    18.000
    19.000    20.000    25.000    30.000    35.000    40.000    45.000    50.000
   49 SPECTRE
     0.000   973.600    17.780     AB   CAAAAA6                     
 6.491E+00 3.500E+02 2.668E-02 3.089E-01 1.892E-01 1.836E+00 0.000E+00
     0.060   966.770    18.170     AB   CAAAAA6                     
 6.267E+00 3.500E+02 3.420E-02 3.089E-01 1.872E-01 1.830E+00 0.000E+00
     0.187   949.700    18.900     AB   CAAAAA6                     
 5.793E+00 3.500E+02 3.627E-02 3.088E-01 1.830E-01 1.818E+00 0.000E+00
     0.365   932.900    18.420     AB   CAAAAA6                     
 5.677E+00 3.500E+02 3.805E-02 3.088E-01 1.772E-01 1.801E+00 0.000E+00
     0.585   909.070    16.840     AB   CAAAAA6                     
 5.581E+00 3.500E+02 4.082E-02 3.087E-01 1.699E-01 1.779E+00 0.000E+00
     0.843   881.680    15.080     AB   CAAAAA6                     
 5.908E+00 3.500E+02 4.450E-02 3.087E-01 1.614E-01 1.754E+00 0.000E+00
     1.138   851.280    12.310     AB   CAAAAA6                     
 5.770E+00 3.500E+02 4.366E-02 3.086E-01 1.517E-01 1.726E+00 0.000E+00
     1.466   818.370     9.530     AB   CAAAAA6                     
 5.642E+00 3.500E+02 4.430E-02 3.085E-01 1.430E-01 1.700E+00 0.000E+00
     1.825   783.380     6.540     AB   CAAAAA6                     
 4.637E+00 3.500E+02 4.614E-02 3.084E-01 1.430E-01 1.700E+00 0.000E+00
     2.214   746.830     4.270     AB   CAAAAA6                     
 4.045E+00 3.500E+02 4.679E-02 3.083E-01 1.430E-01 1.700E+00 0.000E+00
     2.633   709.200     2.480     AB   CAAAAA6                     
 2.856E+00 3.500E+02 4.825E-02 3.081E-01 1.430E-01 1.700E+00 0.000E+00
     3.079   670.770    -1.260     AB   CAAAAA6                     
 2.565E+00 3.500E+02 4.993E-02 3.080E-01 1.430E-01 1.700E+00 0.000E+00
     3.552   631.920    -3.040     AB   CAAAAA6                     
 1.519E+00 3.500E+02 4.784E-02 3.079E-01 1.430E-01 1.700E+00 0.000E+00
     4.051   593.000    -6.320     AB   CAAAAA6                     
 1.183E+00 3.500E+02 5.202E-02 3.077E-01 1.430E-01 1.700E+00 0.000E+00
     4.575   554.200   -10.580     AB   CAAAAA6                     
 1.337E+00 3.500E+02 5.180E-02 3.076E-01 1.430E-01 1.700E+00 0.000E+00
     5.124   515.720   -13.360     AB   CAAAAA6                     
 5.216E-01 3.500E+02 5.903E-02 3.074E-01 1.430E-01 1.700E+00 0.000E+00
     5.697   478.140   -16.290     AB   CAAAAA6                     
 2.038E-01 3.500E+02 6.248E-02 3.072E-01 1.430E-01 1.700E+00 0.000E+00
     6.293   441.400   -19.260     AB   CAAAAA6                     
 1.208E-01 3.500E+02 6.563E-02 3.071E-01 1.430E-01 1.700E+00 0.000E+00
     6.912   405.770   -23.430     AB   CAAAAA6                     
 1.178E-01 3.500E+02 7.040E-02 3.069E-01 1.430E-01 1.700E+00 0.000E+00
     7.554   371.290   -28.790     AB   CAAAAA6                     
 1.166E-01 3.500E+02 7.204E-02 3.067E-01 1.430E-01 1.700E+00 0.000E+00
     8.218   338.090   -30.690     AB   CAAAAA6                     
 8.304E-02 3.500E+02 6.736E-02 3.065E-01 1.430E-01 1.700E+00 0.000E+00
     8.904   306.630   -35.980     AB   CAAAAA6                     
 2.469E-02 3.500E+02 6.977E-02 3.063E-01 1.430E-01 1.700E+00 0.000E+00
     9.611   276.650   -40.140     AB   CAAAAA6                     
 3.628E-02 3.500E+02 7.325E-02 3.061E-01 1.430E-01 1.700E+00 0.000E+00
    10.338   248.400   -44.610     AB   CAAAAA6                     
 3.036E-02 3.500E+02 7.557E-02 3.060E-01 1.430E-01 1.700E+00 0.000E+00
    11.087   222.130   -44.990     AB   CAAAAA6                     
 6.910E-03 3.500E+02 6.632E-02 3.060E-01 1.430E-01 1.700E+00 0.000E+00
    11.856   197.930   -46.070     AB   CAAAAA6                     
 4.290E-03 3.500E+02 3.936E-02 3.060E-01 1.430E-01 1.700E+00 0.000E+00
    12.644   175.490   -50.720     AB   CAAAAA6                     
 3.380E-03 3.500E+02 4.543E-02 3.060E-01 1.430E-01 1.700E+00 0.000E+00
    13.453   154.720   -56.960     AB   CAAAAA6                     
 3.070E-03 3.500E+02 5.135E-02 3.060E-01 1.430E-01 1.700E+00 0.000E+00
    14.281   135.600   -59.700     AB   CAAAAA6                     
 2.960E-03 3.500E+02 6.641E-02 3.060E-01 1.430E-01 1.700E+00 0.000E+00
    15.128   118.150   -66.430     AB   CAAAAA6                     
 2.920E-03 3.500E+02 9.117E-02 3.060E-01 1.430E-01 1.700E+00 0.000E+00
    15.994   102.100   -67.200     AB   CAAAAA6                     
 2.860E-03 3.500E+02 1.853E-01 3.060E-01 1.430E-01 1.700E+00 0.000E+00
    16.879    88.250   -63.400     AB   CAAAAA6                     
 2.810E-03 3.500E+02 4.768E-01 3.060E-01 1.430E-01 1.700E+00 0.000E+00
    17.783    75.910   -64.950     AB   CAAAAA6                     
 2.810E-03 3.500E+02 9.969E-01 3.060E-01 1.430E-01 1.700E+00 0.000E+00
    18.704    65.100   -66.080     AB   CAAAAA6                     
 2.800E-03 3.500E+02 1.345E+00 3.060E-01 1.430E-01 1.700E+00 0.000E+00
    19.644    55.780   -61.290     AB   CAAAAA6                     
 2.790E-03 3.500E+02 1.631E+00 3.060E-01 1.430E-01 1.700E+00 0.000E+00
    20.602    47.610   -59.280     AB   CAAAAA6                     
 2.790E-03 3.500E+02 2.336E+00 3.060E-01 1.430E-01 1.700E+00 0.000E+00
    21.577    40.470   -59.900     AB   CAAAAA6                     
 2.800E-03 3.500E+02 2.839E+00 3.060E-01 1.430E-01 1.700E+00 0.000E+00
    22.570    34.380   -55.470     AB   CAAAAA6                     
 2.830E-03 3.500E+02 3.931E+00 3.060E-01 1.430E-01 1.700E+00 0.000E+00
    23.581    29.060   -55.800     AB   CAAAAA6                     
 2.840E-03 3.500E+02 4.570E+00 3.060E-01 1.430E-01 1.700E+00 0.000E+00
    24.609    24.510   -54.130     AB   CAAAAA6                     
 2.880E-03 3.500E+02 5.241E+00 3.060E-01 1.430E-01 1.700E+00 0.000E+00
    25.653    20.580   -56.410     AB   CAAAAA6                     
 2.890E-03 3.500E+02 5.729E+00 3.060E-01 1.430E-01 1.700E+00 0.000E+00
    26.715    17.290   -51.240     AB   CAAAAA6                     
 2.910E-03 3.500E+02 6.049E+00 3.060E-01 1.430E-01 1.700E+00 0.000E+00
    27.793    14.470   -49.440     AB   CAAAAA6                     
 2.930E-03 3.500E+02 6.491E+00 3.060E-01 1.430E-01 1.700E+00 0.000E+00
    28.888    12.060   -49.800     AB   CAAAAA6                     
 2.930E-03 3.500E+02 6.232E+00 3.060E-01 1.430E-01 1.700E+00 0.000E+00
    30.000    10.020   -50.510     AB   CAAAAA6                     
 2.960E-03 3.500E+02 6.852E+00 3.060E-01 1.430E-01 1.700E+00 0.000E+00
    35.000     0.000     0.000     66   6A66666                     
 0.000E+00 3.500E+02 0.000E+00 0.000E+00 0.000E+00 0.000E+00 0.000E+00
    40.000     0.000     0.000     66   6A66666                     
 0.000E+00 3.500E+02 0.000E+00 0.000E+00 0.000E+00 0.000E+00 0.000E+00
    45.000     0.000     0.000     66   6A66666                     
 0.000E+00 3.500E+02 0.000E+00 0.000E+00 0.000E+00 0.000E+00 0.000E+00
    50.000     0.000     0.000     66   6A66666                     
 0.000E+00 3.500E+02 0.000E+00 0.000E+00 0.000E+00 0.000E+00 0.000E+00
%