

file auto-generated by parserrtm
$ STANDARD MID-LATITUDE SUMMER ATMOSPHERE                                       
                                                 0                   1            0 3    0    0
   294.200 0  00.0000.0000.0000.0000.0000.0000.0000.0000.0000.0000.0000.0000.0000.0000.0000.000
 1 51    7
  9.5211470E+02  291.7700                       1013.000 294.20        891.460 289.25
  1.5946558E-02  3.5495765E-04  3.1872162E-08  3.2014773E-07  1.4735235E-07  1.7007853E-06  2.0897518E-01  2.0212141E+24
  8.4189700E+02  287.0300                          0.000   0.00        792.287 284.60
  1.1230157E-02  3.5495876E-04  3.5456235E-08  3.2014808E-07  1.4203219E-07  1.7007861E-06  2.0897572E-01  1.6594377E+24
  7.5539170E+02  282.2300                          0.000   0.00        718.704 279.80
  7.6751928E-03  3.5494528E-04  3.9477314E-08  3.2012952E-07  1.3746356E-07  1.7006882E-06  2.0896780E-01  1.2158148E+24
  6.8506090E+02  277.4300                          0.000   0.00        651.552 275.00
  5.2688639E-03  3.5497753E-04  4.3921091E-08  3.2017348E-07  1.3388170E-07  1.7000174E-06  2.0898660E-01  1.1250208E+24
  6.2075710E+02  272.6300                          0.000   0.00        589.841 270.20
  3.6297729E-03  3.5498614E-04  4.8850310E-08  3.2020259E-07  1.3135738E-07  1.6967191E-06  2.0899189E-01  1.0383909E+24
  5.6151590E+02  267.8300                          0.000   0.00        532.986 265.40
  2.3900282E-03  3.5499220E-04  5.4422610E-08  3.2024920E-07  1.3046302E-07  1.6890905E-06  2.0899543E-01  9.5728074E+23
  5.0677870E+02  263.0300                          0.000   0.00        480.526 260.55
  1.7066754E-03  3.5500020E-04  6.1250461E-08  3.2018053E-07  1.2931390E-07  1.6774702E-06  2.0899996E-01  8.8085689E+23
  4.5897780E+02  258.3000                          0.000   0.00        437.556 256.00
  1.2718296E-03  3.5500637E-04  6.9855773E-08  3.2015103E-07  1.2701938E-07  1.6625032E-06  2.0900373E-01  7.1067458E+23
  4.1781790E+02  253.7500                          0.000   0.00        398.085 251.45
  9.5655693E-04  3.5500794E-04  7.9463597E-08  3.2006952E-07  1.2377659E-07  1.6469684E-06  2.0900458E-01  6.5919029E+23
  3.7998460E+02  249.2000                          0.000   0.00        361.862 246.90
  6.9666741E-04  3.5500876E-04  8.9151150E-08  3.1964703E-07  1.1940332E-07  1.6329801E-06  2.0900519E-01  6.1060294E+23
  3.4513310E+02  244.6500                          0.000   0.00        328.507 242.35
  5.0829613E-04  3.5501100E-04  1.0168034E-07  3.1794278E-07  1.1352941E-07  1.6223285E-06  2.0900649E-01  5.6462299E+23
  3.1300000E+02  240.1300                          0.000   0.00        297.469 237.86
  3.6584702E-04  3.5501071E-04  1.1558580E-07  3.1485408E-07  1.0700342E-07  1.6071415E-06  2.0900634E-01  5.2211246E+23
  2.8326810E+02  235.6400                          0.000   0.00        269.015 233.35
  2.4977655E-04  3.5501161E-04  1.3068458E-07  3.0993951E-07  1.0015444E-07  1.5820669E-06  2.0900698E-01  4.8122331E+23
  2.5596480E+02  231.1000                          0.000   0.00        243.000 228.80
  1.3636267E-04  3.5500948E-04  1.6048106E-07  3.0289050E-07  9.3152551E-08  1.5562247E-06  2.0900562E-01  4.4374356E+23
  2.3079300E+02  226.5500                          0.000   0.00        218.668 224.25
  6.5472166E-05  3.5501219E-04  1.9350828E-07  2.9728139E-07  8.5588468E-08  1.5313253E-06  2.0900711E-01  4.0814444E+23
  2.0759010E+02  222.0100                          0.000   0.00        196.440 219.70
  2.8419665E-05  3.5501563E-04  2.2751291E-07  2.9330249E-07  7.7191764E-08  1.5080506E-06  2.0900925E-01  3.7436774E+23
  1.7967770E+02  216.8100                          0.000   0.00        162.913 215.74
  9.6973117E-06  3.5500890E-04  3.0428600E-07  2.8654489E-07  6.3881643E-08  1.4806419E-06  2.0900522E-01  5.6808373E+23
  1.4982590E+02  215.7100                          0.000   0.00        136.511 215.70
  4.8207025E-06  3.5499944E-04  4.3981947E-07  2.7902988E-07  4.8797485E-08  1.4479623E-06  2.0899965E-01  4.3642727E+23
  1.2546700E+02  215.7000                          0.000   0.00        114.564 215.70
  3.4318521E-06  3.5499918E-04  5.2382995E-07  2.6973828E-07  3.7298612E-08  1.4152675E-06  2.0899954E-01  3.6534753E+23
  1.0550720E+02  215.7000                          0.000   0.00         96.490 215.70
  3.2663258E-06  3.5499939E-04  6.3216254E-07  2.5467133E-07  2.8723687E-08  1.3795030E-06  2.0899963E-01  3.0739262E+23
  8.8858380E+01  216.1800                          0.000   0.00         81.200 216.80
  3.1784930E-06  3.5499930E-04  8.2302279E-07  2.3132466E-07  2.2545748E-08  1.3426010E-06  2.0899959E-01  2.5828079E+23
  7.4819030E+01  217.3900                          0.000   0.00         68.429 218.03
  3.1768304E-06  3.5499941E-04  1.2512422E-06  1.9950789E-07  1.7379815E-08  1.3014652E-06  2.0899966E-01  2.1627581E+23
  6.3060290E+01  218.7200                          0.000   0.00         57.694 219.44
  3.2639416E-06  3.5499973E-04  1.8039109E-06  1.6908091E-07  1.4111547E-08  1.2451943E-06  2.0899986E-01  1.8117264E+23
  5.3198670E+01  220.0800                          0.000   0.00         48.690 220.76
  3.4095149E-06  3.5499971E-04  2.2908109E-06  1.3991885E-07  1.2622904E-08  1.1722138E-06  2.0899987E-01  1.5183546E+23
  4.4591280E+01  221.4600                          0.000   0.00         40.535 222.20
  3.5909502E-06  3.5500005E-04  2.8324889E-06  1.1722680E-07  1.2397807E-08  1.0758683E-06  2.0900002E-01  1.3798849E+23
  3.7163160E+01  222.8800                          0.000   0.00         33.733 223.57
  3.8500998E-06  3.5499997E-04  3.4517834E-06  1.0331899E-07  1.3167179E-08  9.6515760E-07  2.0899989E-01  1.1426864E+23
  3.0912920E+01  224.2400                          0.000   0.00         28.120 224.98
  4.0575464E-06  3.5499965E-04  4.2219772E-06  9.4382699E-08  1.4350868E-08  8.5401462E-07  2.0899986E-01  9.4440466E+22
  2.5639700E+01  225.8100                          0.000   0.00         23.156 226.71
  4.2513630E-06  3.5500378E-04  5.0326839E-06  8.7561951E-08  1.5625453E-08  7.7107171E-07  2.0900220E-01  8.4273140E+22
  2.0974510E+01  227.6100                          0.000   0.00         18.791 228.66
  4.3863338E-06  3.5500416E-04  5.6775239E-06  8.2404142E-08  1.6708778E-08  7.2538978E-07  2.0900251E-01  7.3593470E+22
  1.6934600E+01  230.1700                          0.000   0.00         15.069 231.81
  4.5309193E-06  3.5501141E-04  6.3139009E-06  7.5596006E-08  1.8091109E-08  6.8032085E-07  2.0900670E-01  6.2926780E+22
  1.3419410E+01  233.5200                          0.000   0.00         11.801 235.40
  4.6839027E-06  3.5500969E-04  6.9619100E-06  6.6951600E-08  1.9843396E-08  6.3401592E-07  2.0900570E-01  5.5637695E+22
  1.0301250E+01  237.5100                          0.000   0.00          8.786 239.99
  4.8067850E-06  3.5500916E-04  7.7728864E-06  5.4150636E-08  2.1874927E-08  5.7941355E-07  2.0900536E-01  5.1760866E+22
  7.7034750E+00  242.3400                          0.000   0.00          6.613 244.95
  4.9039072E-06  3.5500980E-04  8.5246547E-06  4.2426844E-08  2.3846910E-08  5.2736578E-07  2.0900574E-01  3.6146276E+22
  5.8247570E+00  247.2700                          0.000   0.00          5.035 249.84
  4.9670398E-06  3.5500823E-04  8.8305105E-06  3.2571123E-08  2.5646894E-08  4.8160666E-07  2.0900482E-01  2.6801360E+22
  4.4426820E+00  252.1700                          0.000   0.00          3.853 254.77
  5.0161370E-06  3.5501088E-04  8.4904723E-06  2.4015852E-08  2.7513584E-08  4.3754815E-07  2.0900646E-01  2.0049382E+22
  3.4073920E+00  257.1300                          0.000   0.00          2.964 259.73
  5.1013058E-06  3.5501190E-04  7.5621829E-06  1.7783966E-08  2.9431952E-08  3.9457359E-07  2.0900702E-01  1.5083691E+22
  2.6276240E+00  262.0900                          0.000   0.00          2.292 264.69
  5.2471341E-06  3.5501042E-04  6.2966351E-06  1.2921510E-08  3.0938047E-08  3.5215132E-07  2.0900613E-01  1.1414246E+22
  2.0378190E+00  267.0500                          0.000   0.00          1.782 269.65
  5.3810127E-06  3.5500791E-04  5.1043844E-06  9.3075085E-09  3.2309320E-08  3.1031249E-07  2.0900463E-01  8.6903496E+21
  1.5611800E+00  272.0000                          0.000   0.00          1.339 274.56
  5.4697343E-06  3.5500259E-04  4.0821087E-06  6.6677854E-09  3.3800561E-08  2.6731394E-07  2.0900150E-01  7.5064828E+21
  9.6341390E-01  274.4100                          0.000   0.00          0.589 270.71
  5.4735615E-06  3.5500337E-04  2.8155102E-06  3.5912391E-09  3.6464382E-08  2.0088720E-07  2.0900197E-01  1.2774552E+22
  5.1060840E-01  268.7700                          0.000   0.00          0.431 265.88
  5.3326530E-06  3.5502302E-04  1.8036270E-06  2.0309472E-09  3.9601694E-08  1.5878383E-07  2.0901358E-01  2.6989144E+21
  3.8202590E-01  263.5300                          0.000   0.00          0.334 261.00
  5.1831207E-06  3.5507922E-04  1.5450810E-06  1.7047587E-09  4.2654523E-08  1.5400190E-07  2.0904660E-01  1.6518584E+21
  2.9757290E-01  258.7500                          0.000   0.00          0.261 256.08
  5.0460312E-06  3.5503952E-04  1.3594723E-06  1.4732259E-09  4.5695458E-08  1.5114806E-07  2.0902328E-01  1.2455197E+21
  2.3880660E-01  253.7600                          0.000   0.00          0.216 251.32
  4.8780507E-06  3.5511289E-04  1.1832446E-06  1.3152129E-09  4.9774858E-08  1.5015239E-07  2.0906644E-01  7.5262510E+20
  1.9788310E-01  249.0000                          0.000   0.00          0.179 246.56
  4.7075605E-06  3.5519004E-04  1.0330702E-06  1.2046001E-09  5.4377978E-08  1.5018485E-07  2.0911193E-01  6.3531851E+20
  1.6397250E-01  244.2400                          0.000   0.00          0.149 241.80
  4.5413699E-06  3.5513769E-04  9.0162695E-07  1.1028871E-09  5.9385144E-08  1.5016241E-07  2.0908101E-01  5.3673077E+20
  1.3727260E-01  239.6100                          0.000   0.00          0.126 237.02
  4.3837813E-06  3.5506955E-04  7.8788491E-07  1.0173566E-09  6.5223382E-08  1.5013467E-07  2.0904104E-01  3.9289481E+20
  1.1616040E-01  234.6500                          0.000   0.00          0.107 232.18
  4.2189254E-06  3.5528085E-04  6.7509507E-07  9.5524733E-10  7.4618846E-08  1.5023033E-07  2.0916539E-01  3.1107724E+20
  9.8930135E-02  229.8100                          0.000   0.00          0.091 227.34
  4.0623413E-06  3.5538705E-04  5.7978644E-07  9.0009833E-10  8.5339593E-08  1.5028188E-07  2.0922786E-01  2.7061537E+20
  8.4255733E-02  224.9700                          0.000   0.00          0.078 222.50
  3.9098322E-06  3.5533530E-04  4.9771251E-07  8.4775770E-10  9.7556516E-08  1.5026681E-07  2.0919746E-01  2.3544404E+20
  7.2246842E-02  220.3400                          0.000   0.00          0.067 218.10
  3.7676771E-06  3.5513588E-04  4.2984522E-07  8.0018175E-10  1.1081534E-07  1.5018884E-07  2.0908001E-01  1.8746121E+20
    4
F11       F22       F12       CCL4      
 1
 
  3.5199330E-10  1.5000000E-10  6.3581760E-10  1.3975950E-10  0.0000000E+00  0.0000000E+00  0.0000000E+00
 
  3.5199330E-10  1.5000000E-10  6.3581760E-10  1.3975950E-10  0.0000000E+00  0.0000000E+00  0.0000000E+00
 
  3.5199330E-10  1.5000000E-10  6.3581760E-10  1.3975950E-10  0.0000000E+00  0.0000000E+00  0.0000000E+00
 
  3.5199330E-10  1.5000000E-10  6.3581760E-10  1.3975950E-10  0.0000000E+00  0.0000000E+00  0.0000000E+00
 
  3.5199330E-10  1.5000000E-10  6.3581760E-10  1.3975950E-10  0.0000000E+00  0.0000000E+00  0.0000000E+00
 
  3.5199330E-10  1.5000000E-10  6.3581760E-10  1.3975950E-10  0.0000000E+00  0.0000000E+00  0.0000000E+00
 
  3.5199330E-10  1.5000000E-10  6.3581760E-10  1.3975950E-10  0.0000000E+00  0.0000000E+00  0.0000000E+00
 
  3.5199330E-10  1.5000000E-10  6.3581760E-10  1.3975950E-10  0.0000000E+00  0.0000000E+00  0.0000000E+00
 
  3.5199330E-10  1.5000000E-10  6.3581760E-10  1.3975950E-10  0.0000000E+00  0.0000000E+00  0.0000000E+00
 
  3.5199330E-10  1.5000000E-10  6.3581760E-10  1.3975950E-10  0.0000000E+00  0.0000000E+00  0.0000000E+00
 
  3.5199330E-10  1.5000000E-10  6.3581760E-10  1.3975950E-10  0.0000000E+00  0.0000000E+00  0.0000000E+00
 
  3.5199330E-10  1.5000000E-10  6.3581760E-10  1.3975950E-10  0.0000000E+00  0.0000000E+00  0.0000000E+00
 
  3.5199330E-10  1.5000000E-10  6.3581760E-10  1.3975950E-10  0.0000000E+00  0.0000000E+00  0.0000000E+00
 
  3.5199330E-10  1.5000000E-10  6.3581760E-10  1.3975950E-10  0.0000000E+00  0.0000000E+00  0.0000000E+00
 
  3.5199330E-10  1.5000000E-10  6.3581760E-10  1.3975950E-10  0.0000000E+00  0.0000000E+00  0.0000000E+00
 
  3.5199330E-10  1.5000000E-10  6.3581760E-10  1.3975950E-10  0.0000000E+00  0.0000000E+00  0.0000000E+00
 
  3.5199330E-10  1.5000000E-10  6.3581760E-10  1.3975950E-10  0.0000000E+00  0.0000000E+00  0.0000000E+00
 
  3.5199330E-10  1.5000000E-10  6.3581760E-10  1.3975950E-10  0.0000000E+00  0.0000000E+00  0.0000000E+00
 
  3.5199330E-10  1.5000000E-10  6.3581760E-10  1.3975950E-10  0.0000000E+00  0.0000000E+00  0.0000000E+00
 
  3.5199330E-10  1.5000000E-10  6.3581760E-10  1.3975950E-10  0.0000000E+00  0.0000000E+00  0.0000000E+00
 
  3.5199330E-10  1.5000000E-10  6.3581760E-10  1.3975950E-10  0.0000000E+00  0.0000000E+00  0.0000000E+00
 
  3.5199330E-10  1.5000000E-10  6.3581760E-10  1.3975950E-10  0.0000000E+00  0.0000000E+00  0.0000000E+00
 
  3.5199330E-10  1.5000000E-10  6.3581760E-10  1.3975950E-10  0.0000000E+00  0.0000000E+00  0.0000000E+00
 
  3.5199330E-10  1.5000000E-10  6.3581760E-10  1.3975950E-10  0.0000000E+00  0.0000000E+00  0.0000000E+00
 
  3.5199330E-10  1.5000000E-10  6.3581760E-10  1.3975950E-10  0.0000000E+00  0.0000000E+00  0.0000000E+00
 
  3.5199330E-10  1.5000000E-10  6.3581760E-10  1.3975950E-10  0.0000000E+00  0.0000000E+00  0.0000000E+00
 
  3.5199330E-10  1.5000000E-10  6.3581760E-10  1.3975950E-10  0.0000000E+00  0.0000000E+00  0.0000000E+00
 
  3.5199330E-10  1.5000000E-10  6.3581760E-10  1.3975950E-10  0.0000000E+00  0.0000000E+00  0.0000000E+00
 
  3.5199330E-10  1.5000000E-10  6.3581760E-10  1.3975950E-10  0.0000000E+00  0.0000000E+00  0.0000000E+00
 
  3.5199330E-10  1.5000000E-10  6.3581760E-10  1.3975950E-10  0.0000000E+00  0.0000000E+00  0.0000000E+00
 
  3.5199330E-10  1.5000000E-10  6.3581760E-10  1.3975950E-10  0.0000000E+00  0.0000000E+00  0.0000000E+00
 
  3.5199330E-10  1.5000000E-10  6.3581760E-10  1.3975950E-10  0.0000000E+00  0.0000000E+00  0.0000000E+00
 
  3.5199330E-10  1.5000000E-10  6.3581760E-10  1.3975950E-10  0.0000000E+00  0.0000000E+00  0.0000000E+00
 
  3.5199330E-10  1.5000000E-10  6.3581760E-10  1.3975950E-10  0.0000000E+00  0.0000000E+00  0.0000000E+00
 
  3.5199330E-10  1.5000000E-10  6.3581760E-10  1.3975950E-10  0.0000000E+00  0.0000000E+00  0.0000000E+00
 
  3.5199330E-10  1.5000000E-10  6.3581760E-10  1.3975950E-10  0.0000000E+00  0.0000000E+00  0.0000000E+00
 
  3.5199330E-10  1.5000000E-10  6.3581760E-10  1.3975950E-10  0.0000000E+00  0.0000000E+00  0.0000000E+00
 
  3.5199330E-10  1.5000000E-10  6.3581760E-10  1.3975950E-10  0.0000000E+00  0.0000000E+00  0.0000000E+00
 
  3.5199330E-10  1.5000000E-10  6.3581760E-10  1.3975950E-10  0.0000000E+00  0.0000000E+00  0.0000000E+00
 
  3.5199330E-10  1.5000000E-10  6.3581760E-10  1.3975950E-10  0.0000000E+00  0.0000000E+00  0.0000000E+00
 
  3.5199330E-10  1.5000000E-10  6.3581760E-10  1.3975950E-10  0.0000000E+00  0.0000000E+00  0.0000000E+00
 
  3.5199330E-10  1.5000000E-10  6.3581760E-10  1.3975950E-10  0.0000000E+00  0.0000000E+00  0.0000000E+00
 
  3.5199330E-10  1.5000000E-10  6.3581760E-10  1.3975950E-10  0.0000000E+00  0.0000000E+00  0.0000000E+00
 
  3.5199330E-10  1.5000000E-10  6.3581760E-10  1.3975950E-10  0.0000000E+00  0.0000000E+00  0.0000000E+00
 
  3.5199330E-10  1.5000000E-10  6.3581760E-10  1.3975950E-10  0.0000000E+00  0.0000000E+00  0.0000000E+00
 
  3.5199330E-10  1.5000000E-10  6.3581760E-10  1.3975950E-10  0.0000000E+00  0.0000000E+00  0.0000000E+00
 
  3.5199330E-10  1.5000000E-10  6.3581760E-10  1.3975950E-10  0.0000000E+00  0.0000000E+00  0.0000000E+00
 
  3.5199330E-10  1.5000000E-10  6.3581760E-10  1.3975950E-10  0.0000000E+00  0.0000000E+00  0.0000000E+00
 
  3.5199330E-10  1.5000000E-10  6.3581760E-10  1.3975950E-10  0.0000000E+00  0.0000000E+00  0.0000000E+00
 
  3.5199330E-10  1.5000000E-10  6.3581760E-10  1.3975950E-10  0.0000000E+00  0.0000000E+00  0.0000000E+00
 
  3.5199330E-10  1.5000000E-10  6.3581760E-10  1.3975950E-10  0.0000000E+00  0.0000000E+00  0.0000000E+00
%