

file auto-generated by parserrtm
$GARANDProfile(CanadianStudy):2                                                 
                                                 1                   0            2 1    0    1
   294.210 0  01.0000.0000.0000.0000.0000.0000.0000.0000.0000.0000.0000.0000.0000.0000.0000.000
    0        82         0    7    1    0  6356.910                         0.000
     0.000    66.100
     0.000     0.250     0.500     0.750     1.000     1.250     1.500     1.750
     2.000     2.250     2.500     2.750     3.000     3.250     3.500     3.750
     4.000     4.250     4.500     4.750     5.000     5.250     5.500     5.750
     6.000     6.250     6.500     6.750     7.000     7.250     7.500     7.750
     8.000     8.250     8.500     8.750     9.000     9.250     9.500     9.750
    10.000    10.250    10.500    10.750    11.000    11.250    11.500    11.750
    12.000    12.250    12.500    12.750    13.000    13.250    13.500    13.750
    14.000    14.250    14.500    14.750    15.000    17.500    20.000    22.500
    25.000    27.500    30.000    32.500    35.000    37.500    40.000    42.500
    45.000    47.500    50.000    52.500    55.000    57.500    60.000    62.500
    65.000    66.100
   43        
     0.000  1013.250   294.210     AA   AAAAAAA                     
 1.870E+04 3.600E+02 3.020E-02 3.200E-01 1.500E-01 1.700E+00 2.090E+05
     0.070  1005.430   293.910     AA   AAAAAAA                     
 1.840E+04 3.600E+02 3.040E-02 3.200E-01 1.500E-01 1.700E+00 2.090E+05
     0.240   985.880   293.150     AA   AAAAAAA                     
 1.750E+04 3.600E+02 3.090E-02 3.200E-01 1.490E-01 1.700E+00 2.090E+05
     0.490   957.440   292.010     AA   AAAAAAA                     
 1.610E+04 3.600E+02 3.170E-02 3.200E-01 1.480E-01 1.700E+00 2.090E+05
     0.800   922.460   290.580     AA   AAAAAAA                     
 1.450E+04 3.600E+02 3.270E-02 3.200E-01 1.460E-01 1.700E+00 2.090E+05
     1.170   882.800   288.880     AA   AAAAAAA                     
 1.280E+04 3.600E+02 3.400E-02 3.200E-01 1.440E-01 1.700E+00 2.090E+05
     1.590   839.950   286.900     AA   AAAAAAA                     
 1.110E+04 3.600E+02 3.560E-02 3.200E-01 1.420E-01 1.700E+00 2.090E+05
     2.050   795.090   284.490     AA   AAAAAAA                     
 9.160E+03 3.600E+02 3.750E-02 3.200E-01 1.400E-01 1.700E+00 2.090E+05
     2.540   749.120   281.800     AA   AAAAAAA                     
 7.410E+03 3.600E+02 3.990E-02 3.200E-01 1.370E-01 1.700E+00 2.090E+05
     3.060   702.730   278.710     AA   AAAAAAA                     
 5.810E+03 3.600E+02 4.270E-02 3.200E-01 1.350E-01 1.700E+00 2.090E+05
     3.610   656.430   275.370     AA   AAAAAAA                     
 4.470E+03 3.600E+02 4.600E-02 3.200E-01 1.330E-01 1.700E+00 2.090E+05
     4.190   610.600   271.870     AA   AAAAAAA                     
 3.350E+03 3.600E+02 4.970E-02 3.200E-01 1.310E-01 1.700E+00 2.090E+05
     4.790   565.540   268.210     AA   AAAAAAA                     
 2.510E+03 3.600E+02 5.410E-02 3.200E-01 1.300E-01 1.700E+00 2.090E+05
     5.420   521.460   264.380     AA   AAAAAAA                     
 1.890E+03 3.600E+02 5.940E-02 3.200E-01 1.300E-01 1.700E+00 2.090E+05
     6.070   478.540   260.300     AA   AAAAAAA                     
 1.440E+03 3.600E+02 6.610E-02 3.200E-01 1.280E-01 1.700E+00 2.090E+05
     6.750   436.950   255.950     AA   AAAAAAA                     
 1.090E+03 3.600E+02 7.450E-02 3.200E-01 1.250E-01 1.700E+00 2.090E+05
     7.460   396.810   251.300     AA   AAAAAAA                     
 8.050E+02 3.600E+02 8.460E-02 3.200E-01 1.210E-01 1.700E+00 2.090E+05
     8.200   358.280   246.450     AA   AAAAAAA                     
 5.770E+02 3.600E+02 9.670E-02 3.200E-01 1.160E-01 1.700E+00 2.090E+05
     8.960   321.500   241.420     AA   AAAAAAA                     
 3.980E+02 3.600E+02 1.110E-01 3.190E-01 1.090E-01 1.690E+00 2.090E+05
     9.760   286.600   236.190     AA   AAAAAAA                     
 2.530E+02 3.600E+02 1.320E-01 3.180E-01 1.010E-01 1.690E+00 2.090E+05
    10.580   253.710   230.760     AA   AAAAAAA                     
 1.250E+02 3.600E+02 1.620E-01 3.150E-01 9.270E-02 1.680E+00 2.090E+05
    11.430   222.940   225.090     AA   AAAAAAA                     
 4.900E+01 3.600E+02 2.040E-01 3.110E-01 8.310E-02 1.670E+00 2.090E+05
    12.320   194.360   219.730     AA   AAAAAAA                     
 1.780E+01 3.600E+02 2.610E-01 3.070E-01 7.150E-02 1.650E+00 2.090E+05
    13.240   167.950   216.500     AA   AAAAAAA                     
 7.480E+00 3.600E+02 3.500E-01 3.030E-01 5.840E-02 1.640E+00 2.090E+05
    14.220   143.840   215.710     AA   AAAAAAA                     
 4.350E+00 3.600E+02 4.550E-01 2.980E-01 4.620E-02 1.620E+00 2.090E+05
    15.260   122.040   215.700     AA   AAAAAAA                     
 3.460E+00 3.600E+02 5.400E-01 2.920E-01 3.590E-02 1.600E+00 2.090E+05
    16.390   102.050   215.770     AA   AAAAAAA                     
 3.250E+00 3.600E+02 6.600E-01 2.830E-01 2.760E-02 1.570E+00 2.090E+05
    17.530    85.180   216.470     AA   AAAAAAA                     
 3.180E+00 3.600E+02 9.030E-01 2.700E-01 2.120E-02 1.530E+00 2.090E+05
    18.790    69.970   217.900     AA   AAAAAAA                     
 3.210E+00 3.600E+02 1.440E+00 2.530E-01 1.570E-02 1.480E+00 2.090E+05
    20.140    56.730   219.560     AA   AAAAAAA                     
 3.350E+00 3.600E+02 2.100E+00 2.310E-01 1.300E-02 1.400E+00 2.090E+05
    21.590    45.290   221.320     AA   AAAAAAA                     
 3.590E+00 3.600E+02 2.780E+00 2.100E-01 1.260E-02 1.290E+00 2.090E+05
    23.180    35.510   223.200     AA   AAAAAAA                     
 3.890E+00 3.600E+02 3.660E+00 1.930E-01 1.340E-02 1.170E+00 2.090E+05
    24.930    27.260   225.270     AA   AAAAAAA                     
 4.190E+00 3.600E+02 4.760E+00 1.750E-01 1.500E-02 1.050E+00 2.090E+05
    26.860    20.400   227.850     AA   AAAAAAA                     
 4.400E+00 3.600E+02 5.760E+00 1.620E-01 1.580E-02 9.990E-01 2.090E+05
    29.040    14.810   232.060     AA   AAAAAAA                     
 4.620E+00 3.600E+02 6.670E+00 1.470E-01 1.680E-02 9.360E-01 2.090E+05
    31.510    10.370   237.350     AA   AAAAAAA                     
 4.800E+00 3.600E+02 7.740E+00 1.240E-01 1.810E-02 8.550E-01 2.090E+05
    34.370     6.950   244.090     AA   AAAAAAA                     
 4.930E+00 3.600E+02 8.740E+00 9.650E-02 1.980E-02 7.600E-01 2.090E+05
    37.740     4.410   252.260     AA   AAAAAAA                     
 5.020E+00 3.600E+02 8.510E+00 6.300E-02 2.260E-02 6.460E-01 2.090E+05
    41.750     2.610   262.160     AA   AAAAAAA                     
 5.250E+00 3.600E+02 6.290E+00 3.140E-02 2.740E-02 4.860E-01 2.090E+05
    46.630     1.420   273.330     AA   AAAAAAA                     
 5.480E+00 3.600E+02 3.800E+00 1.110E-02 3.590E-02 3.020E-01 2.090E+05
    52.380     0.690   272.320     AA   AAAAAAA                     
 5.420E+00 3.600E+02 2.230E+00 3.750E-03 5.670E-02 1.850E-01 2.090E+05
    58.920     0.290   257.920     AA   AAAAAAA                     
 5.010E+00 3.600E+02 1.330E+00 2.170E-03 1.070E-01 1.530E-01 2.090E+05
    66.100     0.100   230.170     AA   AAAAAAA                     
 4.070E+00 3.600E+02 5.850E-01 1.330E-03 2.400E-01 1.500E-01 2.090E+05
%