

file auto-generated by parserrtm
$  FASCODE SAW                                                                  
                                                 0                   0            0 3    0    0
   257.200 0  00.0000.0000.0000.0000.0000.0000.0000.0000.0000.0000.0000.0000.0000.0000.0000.000
 1 59    7
  1.0011000E+03  257.3700                       1013.000 257.20        989.230 257.54
  7.2080000E+20  1.6760000E+20  9.2740000E+15  1.6260000E+17  7.5970000E+16  8.6360000E+17  1.0620000E+23  4.0050000E+23
  9.7734000E+02  257.7200                          0.000   0.00        965.450 257.89
  7.3940000E+20  1.6700000E+20  9.4750000E+15  1.6190000E+17  7.5210000E+16  8.6020000E+17  1.0580000E+23  3.9890000E+23
  9.5356592E+02  258.0700                          0.000   0.00        941.670 258.25
  7.5700000E+20  1.6700000E+20  9.7270000E+15  1.6200000E+17  7.4750000E+16  8.6040000E+17  1.0580000E+23  3.9900000E+23
  9.2979047E+02  258.4300                          0.000   0.00        917.890 258.62
  7.7900000E+20  1.6680000E+20  9.9780000E+15  1.6180000E+17  7.4180000E+16  8.5940000E+17  1.0570000E+23  3.9850000E+23
  9.0601587E+02  258.8100                          0.000   0.00        894.120 259.00
  7.9850000E+20  1.6680000E+20  1.0250000E+16  1.6180000E+17  7.3690000E+16  8.5940000E+17  1.0570000E+23  3.9850000E+23
  8.8224371E+02  258.9100                          0.000   0.00        870.350 258.62
  8.0400000E+20  1.6560000E+20  1.0450000E+16  1.6060000E+17  7.2630000E+16  8.5300000E+17  1.0490000E+23  3.9550000E+23
  8.5845807E+02  258.2900                          0.000   0.00        846.570 257.95
  7.8800000E+20  1.6610000E+20  1.0760000E+16  1.6110000E+17  7.2340000E+16  8.5590000E+17  1.0520000E+23  3.9690000E+23
  8.3468372E+02  257.6100                          0.000   0.00        822.800 257.27
  7.6930000E+20  1.6650000E+20  1.1060000E+16  1.6150000E+17  7.1950000E+16  8.5770000E+17  1.0550000E+23  3.9780000E+23
  8.1090686E+02  256.9100                          0.000   0.00        799.020 256.56
  7.4930000E+20  1.6660000E+20  1.1360000E+16  1.6160000E+17  7.1440000E+16  8.5830000E+17  1.0550000E+23  3.9810000E+23
  7.8715051E+02  256.2000                          0.000   0.00        775.250 255.83
  7.3130000E+20  1.6720000E+20  1.1710000E+16  1.6210000E+17  7.1120000E+16  8.6130000E+17  1.0590000E+23  3.9950000E+23
  7.6335730E+02  255.4600                          0.000   0.00        751.470 255.09
  6.9720000E+20  1.6570000E+20  1.2010000E+16  1.6070000E+17  6.9920000E+16  8.5390000E+17  1.0500000E+23  3.9610000E+23
  7.3958203E+02  254.7100                          0.000   0.00        727.700 254.32
  6.6780000E+20  1.6650000E+20  1.2550000E+16  1.6140000E+17  6.9630000E+16  8.5770000E+17  1.0540000E+23  3.9790000E+23
  7.1580597E+02  253.9300                          0.000   0.00        703.920 253.53
  6.3610000E+20  1.6660000E+20  1.3090000E+16  1.6150000E+17  6.9050000E+16  8.5810000E+17  1.0550000E+23  3.9810000E+23
  6.9203113E+02  253.1200                          0.000   0.00        680.140 252.71
  6.0730000E+20  1.6730000E+20  1.3720000E+16  1.6220000E+17  6.8730000E+16  8.6190000E+17  1.0600000E+23  3.9990000E+23
  6.6825800E+02  252.0700                          0.000   0.00        656.370 251.41
  5.5750000E+20  1.6570000E+20  1.4180000E+16  1.6060000E+17  6.7480000E+16  8.5320000E+17  1.0490000E+23  3.9590000E+23
  6.4447699E+02  250.7400                          0.000   0.00        632.600 250.06
  5.0560000E+20  1.6660000E+20  1.4890000E+16  1.6160000E+17  6.7370000E+16  8.5770000E+17  1.0550000E+23  3.9830000E+23
  6.2070081E+02  249.3600                          0.000   0.00        608.820 248.65
  4.5560000E+20  1.6720000E+20  1.5620000E+16  1.6210000E+17  6.7080000E+16  8.6010000E+17  1.0590000E+23  3.9960000E+23
  5.9699109E+02  247.9000                          0.000   0.00        585.040 247.03
  4.0600000E+20  1.6710000E+20  1.6340000E+16  1.6200000E+17  6.6530000E+16  8.5910000E+17  1.0580000E+23  3.9940000E+23
  5.7314624E+02  246.0200                          0.000   0.00        561.270 245.01
  3.4090000E+20  1.6520000E+20  1.6920000E+16  1.6020000E+17  6.5550000E+16  8.4810000E+17  1.0460000E+23  3.9490000E+23
  5.4937061E+02  243.9600                          0.000   0.00        537.500 242.90
  2.8650000E+20  1.6670000E+20  1.7910000E+16  1.6170000E+17  6.6040000E+16  8.5470000E+17  1.0560000E+23  3.9880000E+23
  5.2562769E+02  241.8100                          0.000   0.00        513.720 240.71
  2.3810000E+20  1.6780000E+20  1.8930000E+16  1.6270000E+17  6.6320000E+16  8.5850000E+17  1.0630000E+23  4.0140000E+23
  5.0181906E+02  239.5900                          0.000   0.00        489.950 238.47
  1.9250000E+20  1.6510000E+20  1.9600000E+16  1.6010000E+17  6.5050000E+16  8.4260000E+17  1.0460000E+23  3.9500000E+23
  4.7804272E+02  237.3000                          0.000   0.00        466.170 236.12
  1.5880000E+20  1.6660000E+20  2.0850000E+16  1.6150000E+17  6.5370000E+16  8.4750000E+17  1.0550000E+23  3.9850000E+23
  4.5431583E+02  234.8900                          0.000   0.00        442.390 233.66
  1.2940000E+20  1.6760000E+20  2.2210000E+16  1.6250000E+17  6.5490000E+16  8.4990000E+17  1.0610000E+23  4.0100000E+23
  4.3049088E+02  232.3900                          0.000   0.00        418.620 231.11
  1.0550000E+20  1.6550000E+20  2.5240000E+16  1.6050000E+17  6.4070000E+16  8.3560000E+17  1.0480000E+23  3.9600000E+23
  4.0671420E+02  229.7800                          0.000   0.00        394.850 228.43
  8.8910000E+19  1.6750000E+20  3.0830000E+16  1.6240000E+17  6.4030000E+16  8.4100000E+17  1.0610000E+23  4.0060000E+23
  3.8302689E+02  227.0400                          0.000   0.00        371.070 225.65
  6.8270000E+19  1.6630000E+20  3.6940000E+16  1.6120000E+17  6.2680000E+16  8.3070000E+17  1.0530000E+23  3.9790000E+23
  3.5916199E+02  224.2000                          0.000   0.00        347.290 222.74
  3.8240000E+19  1.6630000E+20  4.3220000E+16  1.6120000E+17  6.1390000E+16  8.2650000E+17  1.0530000E+23  3.9800000E+23
  3.3545407E+02  221.2800                          0.000   0.00        323.520 220.12
  2.0430000E+19  1.6730000E+20  5.1490000E+16  1.6200000E+17  6.0310000E+16  8.2680000E+17  1.0590000E+23  4.0030000E+23
  3.1162250E+02  219.3000                          0.000   0.00        299.750 218.46
  1.6200000E+19  1.6590000E+20  6.8780000E+16  1.6000000E+17  5.7780000E+16  8.1620000E+17  1.0510000E+23  3.9710000E+23
  2.8785925E+02  217.6500                          0.000   0.00        275.970 217.20
  1.5160000E+19  1.6670000E+20  9.7930000E+16  1.5990000E+17  5.5750000E+16  8.1650000E+17  1.0560000E+23  3.9910000E+23
  2.6408749E+02  217.2000                          0.000   0.00        252.200 217.20
  1.2660000E+19  1.6690000E+20  1.2450000E+17  1.5840000E+17  5.3090000E+16  8.0860000E+17  1.0570000E+23  3.9950000E+23
  2.4030795E+02  217.2000                          0.000   0.00        228.420 217.20
  9.7020000E+18  1.6680000E+20  1.5100000E+17  1.5610000E+17  5.0110000E+16  7.9730000E+17  1.0560000E+23  3.9930000E+23
  2.1653864E+02  217.2000                          0.000   0.00        204.650 217.20
  6.2620000E+18  1.6690000E+20  1.6930000E+17  1.5280000E+17  4.6770000E+16  7.8540000E+17  1.0570000E+23  3.9960000E+23
  1.9276247E+02  217.2000                          0.000   0.00        180.870 217.20
  4.0380000E+18  1.6640000E+20  1.8740000E+17  1.4950000E+17  4.2520000E+16  7.6920000E+17  1.0540000E+23  3.9820000E+23
  1.6897758E+02  217.2000                          0.000   0.00        157.100 217.20
  2.8040000E+18  1.6700000E+20  2.3550000E+17  1.4740000E+17  3.7310000E+16  7.5700000E+17  1.0580000E+23  3.9980000E+23
  1.4521436E+02  217.2000                          0.000   0.00        133.320 217.20
  2.2830000E+18  1.6710000E+20  3.5790000E+17  1.4410000E+17  3.0410000E+16  7.4000000E+17  1.0580000E+23  4.0000000E+23
  1.2144471E+02  217.2000                          0.000   0.00        109.540 217.17
  2.2810000E+18  1.6650000E+20  5.1170000E+17  1.3970000E+17  2.3100000E+16  7.1440000E+17  1.0550000E+23  3.9860000E+23
  9.7666260E+01  216.7200                          0.000   0.00         85.770 216.24
  2.3270000E+18  1.6730000E+20  7.3080000E+17  1.3310000E+17  1.6550000E+16  6.8490000E+17  1.0600000E+23  4.0040000E+23
  7.3887840E+01  215.6500                          0.000   0.00         62.000 215.00
  2.3690000E+18  1.6710000E+20  1.1250000E+18  1.1470000E+17  1.1090000E+16  6.3500000E+17  1.0580000E+23  4.0000000E+23
  5.3100190E+01  214.4000                          0.000   0.00         44.200 213.72
  1.8150000E+18  1.2520000E+20  1.3100000E+18  6.4130000E+16  5.3970000E+15  4.2110000E+17  7.9290000E+22  2.9970000E+23
  3.7853050E+01  213.1200                          0.000   0.00         31.510 212.45
  1.3240000E+18  8.9350000E+19  1.1300000E+18  3.4160000E+16  3.3740000E+15  2.6220000E+17  5.6590000E+22  2.1390000E+23
  2.6985690E+01  211.8500                          0.000   0.00         22.460 211.23
  9.6240000E+17  6.3720000E+19  8.8640000E+17  2.0230000E+16  2.6980000E+15  1.6460000E+17  4.0350000E+22  1.5250000E+23
  1.9244520E+01  212.1800                          0.000   0.00         16.010 213.26
  6.8930000E+17  4.5490000E+19  6.5910000E+17  1.2630000E+16  2.2070000E+15  1.0680000E+17  2.8810000E+22  1.0890000E+23
  1.3714720E+01  214.2300                          0.000   0.00         11.410 215.31
  4.9190000E+17  3.2460000E+19  4.9490000E+17  8.1080000E+15  1.7720000E+15  7.1940000E+16  2.0560000E+22  7.7700000E+22
  9.7761900E+00  216.3100                          0.000   0.00          8.130 217.45
  3.5100000E+17  2.3160000E+19  3.8310000E+17  4.9660000E+15  1.4690000E+15  4.8270000E+16  1.4670000E+22  5.5440000E+22
  6.9701600E+00  218.6100                          0.000   0.00          5.800 220.22
  2.5000000E+17  1.6500000E+19  2.9360000E+17  2.8800000E+15  1.2480000E+15  3.2150000E+16  1.0450000E+22  3.9500000E+22
  4.9671600E+00  221.9400                          0.000   0.00          4.130 224.41
  1.7810000E+17  1.1760000E+19  2.1900000E+17  1.7010000E+15  1.1020000E+15  2.1180000E+16  7.4470000E+21  2.8140000E+22
  3.5421600E+00  227.0500                          0.000   0.00          2.950 230.05
  1.2720000E+17  8.3950000E+18  1.5840000E+17  9.4170000E+14  1.0480000E+15  1.3680000E+16  5.3170000E+21  2.0080000E+22
  2.5261700E+00  232.7500                          0.000   0.00          2.100 235.81
  9.0720000E+16  5.9870000E+18  1.0890000E+17  4.9850000E+14  1.0500000E+15  8.5700000E+15  3.7920000E+21  1.4330000E+22
  1.8006500E+00  238.5300                          0.000   0.00          1.500 241.64
  6.4560000E+16  4.2610000E+18  6.9520000E+16  2.4720000E+14  1.1350000E+15  5.1520000E+15  2.6980000E+21  1.0200000E+22
  1.2844800E+00  244.4900                          0.000   0.00          1.070 247.74
  4.6360000E+16  3.0600000E+18  4.1570000E+16  1.1820000E+14  1.2110000E+15  3.0380000E+15  1.9380000E+21  7.3250000E+21
  9.1498000E-01  250.6200                          0.000   0.00          0.762 253.89
  3.2530000E+16  2.1470000E+18  2.2320000E+16  5.4840000E+13  1.2180000E+15  1.7390000E+15  1.3600000E+21  5.1400000E+21
  6.5287000E-01  256.8200                          0.000   0.00          0.543 259.28
  2.3730000E+16  1.5750000E+18  1.3140000E+16  2.4230000E+13  1.3000000E+15  1.0320000E+15  9.9780000E+20  3.7710000E+21
  4.6509000E-01  259.2300                          0.000   0.00          0.387 259.18
  1.6530000E+16  1.1090000E+18  7.4810000E+15  1.1520000E+13  1.2190000E+15  6.2000000E+14  7.0260000E+20  2.6550000E+21
  3.3166000E-01  259.0300                          0.000   0.00          0.276 258.10
  1.1630000E+16  7.8920000E+17  4.1300000E+15  6.4550000E+12  1.0850000E+15  3.9420000E+14  4.9980000E+20  1.8890000E+21
  2.3627000E-01  256.1000                          0.000   0.00          0.197 253.88
  8.0540000E+15  5.6320000E+17  2.2640000E+15  3.7400000E+12  9.5440000E+14  2.6570000E+14  3.5670000E+20  1.3480000E+21
  1.6859000E-01  252.0000                          0.000   0.00          0.140 250.53
  5.5740000E+15  4.0540000E+17  1.2500000E+15  2.2240000E+12  8.3910000E+14  1.8580000E+14  2.5670000E+20  9.7030000E+20
  1.2012000E-01  249.9400                          0.000   0.00          0.100 249.27
  3.7270000E+15  2.8590000E+17  7.1230000E+14  1.3260000E+12  7.2390000E+14  1.3000000E+14  1.8110000E+20  6.8450000E+20
%