

file auto-generated by parserrtm
$  FASCODE MID-LATITUDE WINTER ATMOSPHERE (CO2=355ppm)                          
                                                 0                   0            0 3    0    0
   272.200 0  00.0000.0000.0000.0000.0000.0000.0000.0000.0000.0000.0000.0000.0000.0000.0000.000
 1 60    7
  1.0050000E+03  271.8400                       1018.000 272.20        992.050 271.48
  4.2412458E-03  3.5630865E-04  2.7951165E-08  3.2024860E-07  1.4961067E-07  1.7013191E-06  2.1004610E-01  4.3080000E+23
  9.7909000E+02  271.1200                          0.000   0.00        966.145 270.75
  4.0487489E-03  3.5634849E-04  2.7980500E-08  3.2022996E-07  1.4856617E-07  1.7012237E-06  2.1003690E-01  4.3119999E+23
  9.5322000E+02  270.3800                          0.000   0.00        940.301 270.00
  3.8616771E-03  3.5633580E-04  2.8020038E-08  3.2020998E-07  1.4747822E-07  1.7011165E-06  2.0992150E-01  4.3150000E+23
  9.2740000E+02  269.6100                          0.000   0.00        914.513 269.23
  3.6771239E-03  3.5619282E-04  2.8067555E-08  3.2019167E-07  1.4637388E-07  1.7010157E-06  2.0991240E-01  4.3190000E+23
  9.0168000E+02  268.8300                          0.000   0.00        888.787 268.44
  3.4984786E-03  3.5608534E-04  2.8105241E-08  3.2017294E-07  1.4527501E-07  1.7009195E-06  2.0987200E-01  4.3049999E+23
  8.7595000E+02  268.0400                          0.000   0.00        863.126 267.64
  3.3309143E-03  3.5601226E-04  2.8207410E-08  3.2017144E-07  1.4412289E-07  1.7009137E-06  2.0979950E-01  4.2729998E+23
  8.5032000E+02  267.2300                          0.000   0.00        837.527 266.81
  3.1671703E-03  3.5605274E-04  2.8310625E-08  3.2017542E-07  1.4291710E-07  1.7009306E-06  2.0979040E-01  4.2770001E+23
  8.2475000E+02  266.3900                          0.000   0.00        811.989 265.96
  3.0092644E-03  3.5590868E-04  2.8413655E-08  3.2017880E-07  1.4169581E-07  1.7009485E-06  2.0978130E-01  4.2810000E+23
  7.9930000E+02  265.5300                          0.000   0.00        786.588 265.09
  2.8537449E-03  3.5593106E-04  2.8555966E-08  3.2018210E-07  1.4045997E-07  1.7009612E-06  2.0963270E-01  4.2660002E+23
  7.7416000E+02  264.6600                          0.000   0.00        761.741 264.23
  2.6766637E-03  3.5587026E-04  2.9095830E-08  3.2019977E-07  1.3920345E-07  1.7010624E-06  2.0962740E-01  4.1379999E+23
  7.4933000E+02  263.7800                          0.000   0.00        736.943 263.33
  2.4876730E-03  3.5570865E-04  2.9966451E-08  3.2022942E-07  1.3795514E-07  1.7012180E-06  2.0968890E-01  4.1440002E+23
  7.2456000E+02  262.8700                          0.000   0.00        712.193 262.41
  2.3083352E-03  3.5567014E-04  3.0885641E-08  3.2026099E-07  1.3667002E-07  1.7013839E-06  2.0971030E-01  4.1509998E+23
  6.9984000E+02  261.9100                          0.000   0.00        687.424 261.28
  2.1313566E-03  3.5567014E-04  3.1856167E-08  3.2029254E-07  1.3535808E-07  1.7015284E-06  2.0971030E-01  4.1509998E+23
  6.7496000E+02  260.4400                          0.000   0.00        662.513 259.60
  1.8919255E-03  3.5546304E-04  3.2838379E-08  3.2029905E-07  1.3424292E-07  1.7009622E-06  2.0957830E-01  4.1430000E+23
  6.5008000E+02  258.7300                          0.000   0.00        637.666 257.86
  1.6451890E-03  3.5542916E-04  3.3853109E-08  3.2029541E-07  1.3318157E-07  1.7000850E-06  2.0961210E-01  4.1610000E+23
  6.2526000E+02  256.9600                          0.000   0.00        612.887 256.06
  1.4236617E-03  3.5539558E-04  3.4953533E-08  3.2028768E-07  1.3209066E-07  1.6991603E-06  2.0945650E-01  4.1800001E+23
  6.0054000E+02  255.1400                          0.000   0.00        588.129 254.22
  1.2326589E-03  3.5536112E-04  3.6742346E-08  3.2027546E-07  1.3124397E-07  1.6974720E-06  2.0946390E-01  4.1270000E+23
  5.7577000E+02  253.2700                          0.000   0.00        563.434 252.31
  1.0737138E-03  3.5522511E-04  4.0039378E-08  3.2025315E-07  1.3093459E-07  1.6942410E-06  2.0938380E-01  4.1289999E+23
  5.5111000E+02  251.3200                          0.000   0.00        538.817 250.32
  9.3069056E-04  3.5524723E-04  4.3848747E-08  3.2021907E-07  1.3062819E-07  1.6908128E-06  2.0933870E-01  4.1489999E+23
  5.2663000E+02  249.3100                          0.000   0.00        514.347 248.29
  8.0064323E-04  3.5511155E-04  4.7876306E-08  3.2019159E-07  1.3027231E-07  1.6869693E-06  2.0924150E-01  4.0910000E+23
  5.0215000E+02  247.2500                          0.000   0.00        489.986 246.19
  6.7902962E-04  3.5511912E-04  5.1562054E-08  3.2020230E-07  1.2976682E-07  1.6819162E-06  2.0934970E-01  4.0769999E+23
  4.7783000E+02  245.0900                          0.000   0.00        465.707 243.98
  5.7183154E-04  3.5512936E-04  5.5640786E-08  3.2020105E-07  1.2922654E-07  1.6765107E-06  2.0918310E-01  4.1000000E+23
  4.5376000E+02  242.8700                          0.000   0.00        441.788 241.74
  4.5922672E-04  3.5506402E-04  6.0972795E-08  3.2021887E-07  1.2830304E-07  1.6699094E-06  2.0931550E-01  3.9909999E+23
  4.2986000E+02  240.5700                          0.000   0.00        417.980 239.39
  3.4032992E-04  3.5495500E-04  6.8421727E-08  3.2028200E-07  1.2674933E-07  1.6613831E-06  2.0929700E-01  3.9990001E+23
  4.0611000E+02  238.1700                          0.000   0.00        394.153 236.93
  2.4828559E-04  3.5489074E-04  7.7165581E-08  3.2031593E-07  1.2509076E-07  1.6524885E-06  2.0926930E-01  4.0109999E+23
  3.8216000E+02  235.6400                          0.000   0.00        370.212 234.34
  1.7941484E-04  3.5499933E-04  8.6854392E-08  3.2010092E-07  1.2264371E-07  1.6435120E-06  2.0928770E-01  4.0030000E+23
  3.5828000E+02  232.9800                          0.000   0.00        346.370 231.59
  1.2758962E-04  3.5492791E-04  9.8120204E-08  3.1976731E-07  1.1985092E-07  1.6340562E-06  2.0915040E-01  4.0289999E+23
  3.3443000E+02  230.1700                          0.000   0.00        322.537 228.72
  9.1435788E-05  3.5483434E-04  1.1565338E-07  3.1882328E-07  1.1614736E-07  1.6261506E-06  2.0905280E-01  3.9859998E+23
  3.1066000E+02  227.1900                          0.000   0.00        298.828 225.64
  6.5973414E-05  3.5487791E-04  1.4185269E-07  3.1730664E-07  1.1167113E-07  1.6195620E-06  2.0914560E-01  4.0140000E+23
  2.8702000E+02  224.0400                          0.000   0.00        275.276 222.42
  4.7045673E-05  3.5480360E-04  1.7609440E-07  3.1467866E-07  1.0669426E-07  1.6062171E-06  2.0918120E-01  3.9299999E+23
  2.6359000E+02  220.7800                          0.000   0.00        251.900 219.64
  3.2961048E-05  3.5484190E-04  2.2187632E-07  3.1090252E-07  1.0127796E-07  1.5861899E-06  2.0926060E-01  3.9470001E+23
  2.4035000E+02  219.4900                          0.000   0.00        228.800 219.33
  1.8942779E-05  3.5492273E-04  2.8552557E-07  3.0522409E-07  9.5331835E-08  1.5642674E-06  2.0920900E-01  3.8840002E+23
  2.1755000E+02  219.1600                          0.000   0.00        206.292 218.99
  1.0027791E-05  3.5480707E-04  3.7215037E-07  2.9900693E-07  8.8730005E-08  1.5407986E-06  2.0916480E-01  3.7829999E+23
  1.9528000E+02  218.8200                          0.000   0.00        184.270 218.63
  6.8285699E-06  3.5488067E-04  4.8150179E-07  2.9498977E-07  8.0689119E-08  1.5169079E-06  2.0917030E-01  3.7020000E+23
  1.7353000E+02  218.4400                          0.000   0.00        162.793 218.23
  5.4600682E-06  3.5498088E-04  6.1324801E-07  2.8976618E-07  7.0308182E-08  1.4936464E-06  2.0912430E-01  3.6210000E+23
  1.5213000E+02  218.0100                          0.000   0.00        141.475 217.78
  4.9304176E-06  3.5478722E-04  7.3868068E-07  2.8396889E-07  5.8520182E-08  1.4696064E-06  2.0914580E-01  3.5850001E+23
  1.3109000E+02  217.5400                          0.000   0.00        120.699 217.28
  4.7736971E-06  3.5479874E-04  8.3216850E-07  2.7771353E-07  4.6615423E-08  1.4426461E-06  2.0916360E-01  3.4889999E+23
  1.1003000E+02  216.9800                          0.000   0.00         99.376 216.66
  4.6576024E-06  3.5493841E-04  9.8814326E-07  2.6751525E-07  3.5467146E-08  1.4087905E-06  2.0912950E-01  3.5880002E+23
  8.8557000E+01  216.2800                          0.000   0.00         77.744 215.87
  4.5324286E-06  3.5480587E-04  1.3564834E-06  2.4453894E-07  2.5831982E-08  1.3625239E-06  2.0911910E-01  3.6539999E+23
  6.6840000E+01  215.4400                          0.000   0.00         55.974 215.20
  4.5018287E-06  3.5497671E-04  2.1238293E-06  1.9703650E-07  1.7208967E-08  1.2948932E-06  2.0913040E-01  3.6699999E+23
  4.7770000E+01  215.2000                          0.000   0.00         39.558 215.20
  4.5098127E-06  3.5493632E-04  3.3228691E-06  1.4413278E-07  1.2745368E-08  1.1672612E-06  2.0920600E-01  2.7569999E+23
  3.3740000E+01  215.2000                          0.000   0.00         27.954 215.20
  4.5600468E-06  3.5485745E-04  4.2873262E-06  1.1351445E-07  1.3102882E-08  9.7571319E-07  2.0915250E-01  1.9710000E+23
  2.3751000E+01  215.2500                          0.000   0.00         19.563 215.37
  4.6525220E-06  3.5485905E-04  5.1054026E-06  9.6620461E-08  1.4958035E-08  7.9660356E-07  2.0919830E-01  1.4120000E+23
  1.6611000E+01  215.6700                          0.000   0.00         13.653 216.40
  4.7029721E-06  3.5490535E-04  5.5957903E-06  8.6760714E-08  1.5989015E-08  7.1486375E-07  2.0911800E-01  9.9610004E+22
  1.1551000E+01  217.3300                          0.000   0.00          9.467 218.64
  4.7499075E-06  3.5487299E-04  6.0741104E-06  7.5916816E-08  1.7034901E-08  6.4947210E-07  2.0914350E-01  7.0680001E+22
  8.0127000E+00  220.2700                          0.000   0.00          6.560 223.22
  4.7975609E-06  3.5490119E-04  6.6807752E-06  6.3220234E-08  1.8319016E-08  5.8362116E-07  2.0910400E-01  4.9450001E+22
  5.5634000E+00  226.6000                          0.000   0.00          4.573 230.50
  4.8444344E-06  3.5480366E-04  7.0396059E-06  5.2676029E-08  1.9720929E-08  5.1720036E-07  2.0909420E-01  3.3599999E+22
  3.8787000E+00  234.0700                          0.000   0.00          3.186 238.17
  4.8934967E-06  3.5491295E-04  7.1654772E-06  4.1700083E-08  2.1212207E-08  4.5857450E-07  2.0914990E-01  2.3520000E+22
  2.7051000E+00  241.8600                          0.000   0.00          2.226 246.06
  4.9445725E-06  3.5485439E-04  6.9097860E-06  3.1426676E-08  2.3057986E-08  4.0228403E-07  2.0918600E-01  1.6289999E+22
  1.8920000E+00  249.8200                          0.000   0.00          1.558 254.15
  4.9954083E-06  3.5484336E-04  5.9942113E-06  2.1809312E-08  2.5939116E-08  3.4607882E-07  2.0923980E-01  1.1340000E+22
  1.3246000E+00  257.9200                          0.000   0.00          1.095 261.91
  5.0042290E-06  3.5487636E-04  4.6998771E-06  1.3587803E-08  3.0582985E-08  2.9039154E-07  2.0912900E-01  7.8699998E+21
  9.3417000E-01  264.4000                          0.000   0.00          0.772 265.47
  4.9953369E-06  3.5488277E-04  3.6435395E-06  7.8685645E-09  4.0297842E-08  2.3711381E-07  2.0908380E-01  5.5090001E+21
  6.5695000E-01  265.1100                          0.000   0.00          0.543 263.85
  4.9473138E-06  3.5486289E-04  2.6813218E-06  4.2004324E-09  6.6692763E-08  1.9334473E-07  2.0909020E-01  3.8829999E+21
  4.6249000E-01  262.5200                          0.000   0.00          0.382 261.04
  4.8919128E-06  3.5491475E-04  2.0465698E-06  3.1384291E-09  1.0794849E-07  1.7069641E-07  2.0919020E-01  2.7549999E+21
  3.2634000E-01  258.9300                          0.000   0.00          0.270 256.22
  4.7917897E-06  3.5486603E-04  1.5627203E-06  2.4786817E-09  1.6663262E-07  1.5649822E-07  2.0916410E-01  1.9070000E+21
  2.3033000E-01  253.7500                          0.000   0.00          0.191 251.02
  4.6058562E-06  3.5489362E-04  1.1785387E-06  2.0297701E-09  2.3975809E-07  1.5232605E-07  2.0912540E-01  1.3650000E+21
  1.6301000E-01  248.6500                          0.000   0.00          0.135 246.02
  4.3906930E-06  3.5484004E-04  8.8268246E-07  1.6930976E-09  3.3830005E-07  1.5011784E-07  2.0918480E-01  9.3940001E+20
  1.1550000E-01  243.6600                          0.000   0.00          0.096 241.03
  4.1380686E-06  3.5490820E-04  6.5290044E-07  1.4449293E-09  4.6862471E-07  1.5011086E-07  2.0911940E-01  6.7779998E+20
  8.2487002E-02  238.7800                          0.000   0.00          0.069 236.30
  3.8483890E-06  3.5483571E-04  4.9340548E-07  1.2506213E-09  6.4306954E-07  1.5011787E-07  2.0915540E-01  4.5579999E+20
  3.4809999E-02  223.6200                          0.000   0.00          0.000 218.60
  2.8276031E-06  3.5485748E-04  3.3777127E-07  8.7909668E-10  1.9273834E-06  1.4955924E-07  2.0764790E-01  1.1820000E+21
%